300000200070004000
300000300070003200
300000400070000000
300000500070000000
300000600070000000
300000700070001600
300000800070003200
300000900070002400
300001000070001600
300001100070000800
300001200070000000
300001300070000000
300001400070002400
300001500070001600
300001600070000000
300001700070000800
300001800070000000
300001900070000000
300002000070000000
300002100070000000
300002200070000000
300003100070000000
300003200070000000
300003300070000000
300003600070000000
300003700070000000
300003800070000000
300003900070000000
300000100070036460
300004000070000000
300004100070000000
300004200070000000
300004300070000000
300004400070000000
300004500070000000
300004600070000000
